1.000000 0.000000 0.000000 0.000000 -0.000000 1.000000 0.000000 0.000000 -0.000000 0.000000 1.000000 0.000000
0.999991 -0.002964 -0.002925 0.000774 0.002959 0.999994 -0.001521 -0.010519 0.002929 0.001513 0.999995 0.628162
0.999974 -0.002101 -0.006923 -0.013787 0.002080 0.999993 -0.003042 -0.018817 0.006929 0.003028 0.999971 1.376193
0.999936 -0.001452 -0.011197 -0.017859 0.001401 0.999989 -0.004524 -0.027900 0.011203 0.004508 0.999927 2.093477
0.999874 0.000068 -0.015867 -0.038827 -0.000152 0.999986 -0.005299 -0.036796 0.015866 0.005301 0.999860 2.835456
0.999791 -0.000787 -0.020422 -0.056259 0.000677 0.999985 -0.005406 -0.050147 0.020426 0.005391 0.999777 3.585040
0.999682 0.000314 -0.025234 -0.078943 -0.000475 0.999980 -0.006368 -0.066032 0.025232 0.006378 0.999661 4.344683
0.999539 0.003480 -0.030172 -0.101352 -0.003686 0.999970 -0.006758 -0.080550 0.030148 0.006866 0.999522 5.126192
0.999374 0.005590 -0.034921 -0.124431 -0.005795 0.999967 -0.005766 -0.089491 0.034888 0.005964 0.999373 5.934017
0.999212 0.005535 -0.039291 -0.165038 -0.005661 0.999979 -0.003117 -0.102741 0.039273 0.003337 0.999223 6.749796
0.999080 0.003874 -0.042715 -0.203373 -0.003900 0.999992 -0.000530 -0.110636 0.042712 0.000696 0.999087 7.538102
0.998971 0.003991 -0.045179 -0.253259 -0.004019 0.999992 -0.000532 -0.124715 0.045177 0.000713 0.998979 8.340217
0.998864 0.003956 -0.047493 -0.291080 -0.004016 0.999991 -0.001171 -0.132673 0.047488 0.001361 0.998871 9.161574
0.998781 0.002029 -0.049327 -0.334446 -0.002096 0.999997 -0.001299 -0.149789 0.049324 0.001401 0.998782 9.996421
0.998670 0.001915 -0.051526 -0.377793 -0.001949 0.999998 -0.000612 -0.157726 0.051524 0.000711 0.998671 10.840226
0.998614 -0.001525 -0.052611 -0.433849 0.001490 0.999999 -0.000710 -0.172166 0.052612 0.000630 0.998615 11.706565
0.998533 0.001171 -0.054135 -0.496422 -0.001328 0.999995 -0.002872 -0.186059 0.054132 0.002939 0.998529 12.569809
0.998440 0.002773 -0.055763 -0.543355 -0.003083 0.999980 -0.005477 -0.203051 0.055747 0.005640 0.998429 13.446632
0.998341 0.006895 -0.057157 -0.612248 -0.007312 0.999948 -0.007095 -0.218449 0.057105 0.007502 0.998340 14.323930
0.998265 0.007989 -0.058335 -0.667860 -0.008408 0.999941 -0.006931 -0.233982 0.058276 0.007410 0.998273 15.216211
0.998200 0.006886 -0.059578 -0.725108 -0.007220 0.999959 -0.005400 -0.251042 0.059539 0.005821 0.998209 16.120351
0.998128 0.006359 -0.060836 -0.782796 -0.006613 0.999970 -0.003966 -0.267769 0.060809 0.004361 0.998140 17.017224
0.998040 0.006625 -0.062234 -0.831979 -0.006849 0.999971 -0.003381 -0.288818 0.062210 0.003800 0.998056 17.919928
0.997954 0.006116 -0.063636 -0.899457 -0.006405 0.999970 -0.004336 -0.300253 0.063608 0.004735 0.997964 18.819215
0.997893 0.006137 -0.064598 -0.966047 -0.006454 0.999968 -0.004702 -0.320431 0.064567 0.005109 0.997900 19.747898
0.997854 0.005880 -0.065208 -1.027825 -0.006091 0.999977 -0.003050 -0.337236 0.065188 0.003440 0.997867 20.669533
0.997892 0.006497 -0.064576 -1.102869 -0.006498 0.999979 0.000195 -0.348280 0.064576 0.000225 0.997913 21.591125
0.997917 0.007113 -0.064119 -1.161156 -0.006875 0.999969 0.003932 -0.361214 0.064145 -0.003483 0.997935 22.543645
0.998030 0.006703 -0.062373 -1.222686 -0.006288 0.999957 0.006841 -0.370535 0.062416 -0.006435 0.998029 23.492872
0.998158 0.005183 -0.060446 -1.293312 -0.004735 0.999960 0.007564 -0.378483 0.060483 -0.007264 0.998143 24.466279
0.998215 0.006204 -0.059395 -1.352464 -0.005917 0.999970 0.005005 -0.386487 0.059425 -0.004644 0.998222 25.436026
0.998242 0.009769 -0.058464 -1.414415 -0.009743 0.999952 0.000726 -0.395535 0.058468 -0.000155 0.998289 26.383583
0.998303 0.009828 -0.057390 -1.469565 -0.009987 0.999947 -0.002485 -0.409824 0.057363 0.003054 0.998349 27.331971
0.998354 0.008468 -0.056723 -1.523990 -0.008560 0.999962 -0.001370 -0.425471 0.056710 0.001853 0.998389 28.310364
0.998389 0.004225 -0.056587 -1.582671 -0.004051 0.999987 0.003189 -0.437202 0.056600 -0.002955 0.998393 29.303527
0.998344 -0.002344 -0.057477 -1.637130 0.002751 0.999972 0.007015 -0.446129 0.057458 -0.007161 0.998322 30.250678
0.998225 -0.010390 -0.058641 -1.681187 0.010789 0.999921 0.006487 -0.461635 0.058569 -0.007109 0.998258 31.234109
0.998171 -0.008963 -0.059784 -1.747166 0.009139 0.999955 0.002663 -0.478218 0.059757 -0.003205 0.998208 32.237982
0.998077 -0.008180 -0.061449 -1.809610 0.008124 0.999966 -0.001159 -0.496142 0.061456 0.000657 0.998110 33.205354
0.997957 -0.007471 -0.063445 -1.880612 0.007350 0.999971 -0.002135 -0.501780 0.063459 0.001665 0.997983 34.198383
0.997884 -0.010349 -0.064183 -1.947052 0.010356 0.999946 -0.000211 -0.521457 0.064182 -0.000454 0.997938 35.227656
0.997816 -0.009077 -0.065435 -2.020769 0.009249 0.999955 0.002325 -0.524314 0.065411 -0.002925 0.997854 36.223531
0.997769 -0.005386 -0.066539 -2.094940 0.005648 0.999977 0.003754 -0.547877 0.066518 -0.004122 0.997777 37.234103
0.997692 -0.005984 -0.067631 -2.170781 0.006420 0.999960 0.006223 -0.552141 0.067591 -0.006642 0.997691 38.218671
0.997702 -0.005525 -0.067526 -2.232576 0.006167 0.999938 0.009302 -0.572194 0.067470 -0.009697 0.997674 39.217870
0.997680 -0.000935 -0.068074 -2.321035 0.001740 0.999929 0.011766 -0.568436 0.068058 -0.011857 0.997611 40.241038
0.997681 0.000064 -0.068064 -2.392926 0.000719 0.999934 0.011474 -0.579071 0.068060 -0.011496 0.997615 41.233147
0.997685 0.000191 -0.068011 -2.466514 0.000482 0.999951 0.009877 -0.591335 0.068009 -0.009887 0.997636 42.232900
0.997679 0.005018 -0.067902 -2.542653 -0.004533 0.999963 0.007296 -0.605889 0.067936 -0.006971 0.997665 43.241092
0.997618 0.004281 -0.068852 -2.614640 -0.003779 0.999965 0.007416 -0.613029 0.068882 -0.007138 0.997599 44.219005
0.997541 -0.000241 -0.070088 -2.680015 0.000866 0.999960 0.008901 -0.618491 0.070083 -0.008939 0.997501 45.211945
0.997488 0.000016 -0.070830 -2.755896 0.000675 0.999952 0.009734 -0.622778 0.070827 -0.009757 0.997441 46.200221
0.997461 0.000127 -0.071215 -2.828658 0.000394 0.999973 0.007305 -0.636481 0.071214 -0.007315 0.997434 47.167188
0.997404 0.006709 -0.071692 -2.909707 -0.006565 0.999976 0.002243 -0.660432 0.071705 -0.001767 0.997424 48.135960
0.997358 0.006645 -0.072340 -2.983275 -0.006570 0.999978 0.001283 -0.675338 0.072347 -0.000804 0.997379 49.105870
0.997340 0.005527 -0.072678 -3.055151 -0.005223 0.999977 0.004372 -0.681823 0.072700 -0.003981 0.997346 50.094014
0.997354 -0.000063 -0.072695 -3.127035 0.000652 0.999967 0.008071 -0.693536 0.072692 -0.008097 0.997322 51.091245
0.997335 -0.000139 -0.072957 -3.201995 0.000761 0.999964 0.008500 -0.702067 0.072953 -0.008533 0.997299 52.032988
0.997329 -0.003122 -0.072980 -3.274809 0.003689 0.999964 0.007638 -0.718612 0.072954 -0.007887 0.997304 52.999197
0.997294 -0.005380 -0.073324 -3.337716 0.005861 0.999963 0.006352 -0.738889 0.073288 -0.006764 0.997288 53.976507
0.997202 -0.005899 -0.074516 -3.414455 0.006485 0.999950 0.007620 -0.745037 0.074467 -0.008082 0.997191 54.928232
0.997092 -0.009423 -0.075618 -3.484504 0.010339 0.999878 0.011732 -0.749906 0.075498 -0.012479 0.997068 55.906867
0.996980 -0.013205 -0.076533 -3.553539 0.014540 0.999751 0.016910 -0.757471 0.076290 -0.017972 0.996924 56.847386
0.996965 -0.011266 -0.077034 -3.630287 0.012763 0.999739 0.018970 -0.751476 0.076800 -0.019896 0.996848 57.789223
0.996895 -0.010250 -0.078073 -3.716201 0.011496 0.999813 0.015532 -0.757783 0.077899 -0.016381 0.996827 58.734310
0.996820 -0.005616 -0.079487 -3.799650 0.006266 0.999949 0.007937 -0.777431 0.079438 -0.008410 0.996804 59.672185
0.996789 -0.003498 -0.079997 -3.876273 0.003731 0.999989 0.002759 -0.798965 0.079987 -0.003049 0.996791 60.584617
0.996703 0.000301 -0.081141 -3.962072 -0.000029 0.999994 0.003346 -0.794287 0.081142 -0.003333 0.996697 61.487147
0.996626 0.002021 -0.082048 -4.045375 -0.001555 0.999982 0.005738 -0.810226 0.082058 -0.005591 0.996612 62.400553
0.996518 0.002801 -0.083334 -4.125021 -0.002177 0.999969 0.007578 -0.822135 0.083353 -0.007370 0.996493 63.300726
0.996423 0.005843 -0.084309 -4.204343 -0.005237 0.999959 0.007416 -0.841005 0.084348 -0.006948 0.996412 64.172606
0.996288 0.007332 -0.085773 -4.285669 -0.006647 0.999944 0.008266 -0.850378 0.085829 -0.007665 0.996280 65.016147
0.996159 0.007966 -0.087205 -4.362404 -0.007216 0.999934 0.008910 -0.860919 0.087270 -0.008247 0.996151 65.861642
0.996031 0.007369 -0.088697 -4.438693 -0.006557 0.999934 0.009446 -0.872800 0.088761 -0.008827 0.996014 66.688754
0.995914 0.008925 -0.089864 -4.516062 -0.008010 0.999912 0.010530 -0.886115 0.089951 -0.009767 0.995898 67.495667
0.995776 0.011614 -0.091079 -4.600418 -0.010462 0.999859 0.013108 -0.892473 0.091219 -0.012100 0.995757 68.300727
0.995663 0.011052 -0.092369 -4.681439 -0.009533 0.999812 0.016868 -0.887532 0.092538 -0.015914 0.995582 69.092645
0.995488 0.012212 -0.094101 -4.763861 -0.010482 0.999767 0.018851 -0.888341 0.094309 -0.017779 0.995384 69.873388
0.995311 0.015704 -0.095439 -4.840324 -0.014284 0.999777 0.015547 -0.906780 0.095662 -0.014111 0.995314 70.631381
0.995141 0.018860 -0.096639 -4.922116 -0.018142 0.999801 0.008300 -0.917846 0.096776 -0.006506 0.995285 71.350477
0.995038 0.018386 -0.097781 -4.992783 -0.018265 0.999831 0.002134 -0.931231 0.097804 -0.000337 0.995206 72.070617
0.994953 0.020340 -0.098263 -5.067565 -0.020363 0.999792 0.000772 -0.934825 0.098258 0.001233 0.995160 72.771459
0.994863 0.021138 -0.099000 -5.144784 -0.020829 0.999774 0.004155 -0.942717 0.099066 -0.002072 0.995079 73.451155
0.994783 0.018570 -0.100312 -5.214329 -0.018005 0.999817 0.006537 -0.952569 0.100415 -0.004697 0.994935 74.114790
0.994705 0.017489 -0.101274 -5.283161 -0.017203 0.999845 0.003693 -0.971163 0.101323 -0.001931 0.994852 74.745175
0.994819 0.010297 -0.101135 -5.337066 -0.010486 0.999944 -0.001330 -0.991440 0.101116 0.002384 0.994872 75.358054
0.994950 0.007457 -0.100090 -5.399894 -0.008096 0.999949 -0.005976 -1.006931 0.100040 0.006756 0.994960 75.953261
0.995234 0.009100 -0.097087 -5.455062 -0.009792 0.999930 -0.006650 -1.018819 0.097020 0.007569 0.995254 76.525159
0.995561 0.013624 -0.093130 -5.522656 -0.014056 0.999893 -0.003984 -1.021205 0.093066 0.005276 0.995646 77.123592
0.996000 0.012206 -0.088515 -5.567490 -0.012312 0.999924 -0.000650 -1.038723 0.088501 0.001737 0.996075 77.690728
0.996525 0.008591 -0.082855 -5.607458 -0.008305 0.999958 0.003792 -1.051756 0.082884 -0.003090 0.996554 78.217958
0.997199 0.003347 -0.074713 -5.632001 -0.002817 0.999970 0.007199 -1.065446 0.074735 -0.006968 0.997179 78.734691
0.997925 0.006900 -0.064015 -5.669280 -0.006438 0.999952 0.007412 -1.078724 0.064063 -0.006984 0.997921 79.239333
0.998722 0.012239 -0.049040 -5.700105 -0.011922 0.999906 0.006753 -1.082846 0.049118 -0.006160 0.998774 79.758219
0.999378 0.017202 -0.030772 -5.721612 -0.016990 0.999830 0.007111 -1.082916 0.030889 -0.006584 0.999501 80.260566
0.999839 0.015645 -0.008771 -5.713309 -0.015579 0.999850 0.007512 -1.089284 0.008887 -0.007374 0.999933 80.729174
0.999770 0.012430 0.017478 -5.677923 -0.012573 0.999888 0.008146 -1.103349 -0.017374 -0.008364 0.999814 81.197213
0.998858 0.010786 0.046549 -5.635314 -0.011258 0.999888 0.009880 -1.109498 -0.046437 -0.010392 0.998867 81.634347
0.996780 0.010267 0.079527 -5.583104 -0.011207 0.999872 0.011393 -1.114351 -0.079400 -0.012247 0.996768 82.079368
0.993075 0.009934 0.117060 -5.506086 -0.011349 0.999870 0.011421 -1.119711 -0.116931 -0.012671 0.993059 82.540101
0.987221 0.010241 0.159026 -5.422057 -0.012227 0.999859 0.011517 -1.124865 -0.158886 -0.013314 0.987207 82.946733
0.978887 0.009225 0.204194 -5.309511 -0.011876 0.999860 0.011759 -1.129683 -0.204057 -0.013935 0.978860 83.363305
0.967509 0.011057 0.252595 -5.163863 -0.013893 0.999859 0.009449 -1.134588 -0.252455 -0.012652 0.967526 83.796277
0.952068 0.011821 0.305659 -5.022009 -0.014644 0.999869 0.006944 -1.147391 -0.305537 -0.011088 0.952116 84.158531
0.932757 0.011975 0.360307 -4.803553 -0.014549 0.999884 0.004430 -1.154034 -0.360212 -0.009374 0.932823 84.564012
0.908524 0.011977 0.417662 -4.626507 -0.014387 0.999893 0.002622 -1.158041 -0.417586 -0.008391 0.908599 84.879374
0.879847 0.012025 0.475105 -4.398397 -0.013701 0.999906 0.000064 -1.154834 -0.475060 -0.006565 0.879929 85.199728
0.847155 0.010135 0.531249 -4.106359 -0.010740 0.999940 -0.001949 -1.176150 -0.531238 -0.004055 0.847213 85.562448
0.810377 0.009383 0.585833 -3.877947 -0.009372 0.999951 -0.003051 -1.181028 -0.585834 -0.003018 0.810426 85.797359
0.771022 0.007326 0.636766 -3.558248 -0.007975 0.999966 -0.001848 -1.197406 -0.636758 -0.003654 0.771055 86.114287
0.728296 0.006569 0.685231 -3.303950 -0.008731 0.999962 -0.000307 -1.195825 -0.685207 -0.005760 0.728325 86.316589
0.683325 0.005266 0.730096 -2.995114 -0.007717 0.999970 0.000010 -1.199365 -0.730074 -0.005641 0.683345 86.540296
0.636891 0.003813 0.770944 -2.641054 -0.004382 0.999990 -0.001325 -1.210388 -0.770941 -0.002534 0.636901 86.797804
0.590277 0.000793 0.807200 -2.334810 0.000587 0.999999 -0.001412 -1.233065 -0.807201 0.001307 0.590276 86.927008
0.543485 0.002332 0.839416 -1.980301 -0.000311 0.999997 -0.002576 -1.236361 -0.839419 0.001139 0.543484 87.141086
0.496377 0.004972 0.868093 -1.667387 -0.003309 0.999987 -0.003836 -1.235481 -0.868101 -0.000969 0.496387 87.253515
0.450839 0.006955 0.892578 -1.320349 -0.004279 0.999975 -0.005630 -1.245785 -0.892595 -0.001281 0.450858 87.399473
0.408273 0.005028 0.912846 -0.944012 0.002845 0.999973 -0.006780 -1.245140 -0.912856 0.005365 0.408248 87.547166
0.368821 -0.003066 0.929495 -0.595910 0.016480 0.999859 -0.003241 -1.273159 -0.929355 0.016514 0.368819 87.603611
0.333202 -0.007105 0.942828 -0.233018 0.022332 0.999751 -0.000358 -1.276082 -0.942591 0.021175 0.333278 87.686893
0.299625 -0.003604 0.954050 0.140689 0.019234 0.999812 -0.002263 -1.286552 -0.953863 0.019029 0.299638 87.802059
0.268746 0.004576 0.963200 0.496320 0.009226 0.999931 -0.007325 -1.286469 -0.963167 0.010855 0.268686 87.882660
0.240143 0.009268 0.970693 0.878580 0.004083 0.999936 -0.010558 -1.294140 -0.970729 0.006499 0.240090 87.973638
0.214073 0.010820 0.976758 1.285398 0.005399 0.999910 -0.012260 -1.313372 -0.976803 0.007898 0.213995 88.045971
0.190812 0.011903 0.981554 1.689003 0.013074 0.999807 -0.014665 -1.323031 -0.981540 0.015631 0.190620 88.089023
0.170241 0.017668 0.985244 2.081634 0.019471 0.999584 -0.021289 -1.336952 -0.985210 0.022808 0.169826 88.136325
0.150406 0.024995 0.988308 2.517821 0.019972 0.999400 -0.028314 -1.333208 -0.988423 0.023997 0.149817 88.182787
0.132703 0.026010 0.990814 2.956861 0.017735 0.999433 -0.028611 -1.347843 -0.990997 0.021369 0.132166 88.242562
0.117184 0.021647 0.992874 3.407922 0.017800 0.999556 -0.023893 -1.359779 -0.992951 0.020473 0.116747 88.291158
0.102315 0.018147 0.994586 3.884753 0.018289 0.999630 -0.020121 -1.383607 -0.994584 0.020249 0.101945 88.330335
0.089160 0.015714 0.995893 4.358497 0.020296 0.999639 -0.017591 -1.399270 -0.995811 0.021781 0.088809 88.359878
0.077429 0.014761 0.996888 4.861994 0.024173 0.999569 -0.016678 -1.414817 -0.996705 0.025389 0.077039 88.391521
0.067323 0.015296 0.997614 5.377347 0.026879 0.999492 -0.017139 -1.431610 -0.997369 0.027968 0.066877 88.417152
0.059340 0.015852 0.998112 5.912927 0.029074 0.999422 -0.017601 -1.445065 -0.997814 0.030064 0.058845 88.441633
0.053394 0.016223 0.998442 6.449340 0.030993 0.999359 -0.017896 -1.456977 -0.998093 0.031900 0.052857 88.471257
0.047799 0.017133 0.998710 7.009932 0.032021 0.999313 -0.018676 -1.475321 -0.998344 0.032873 0.047217 88.497979
0.041952 0.017952 0.998958 7.598067 0.031774 0.999309 -0.019293 -1.488838 -0.998614 0.032550 0.041353 88.514951
0.037511 0.018012 0.999134 8.209043 0.034188 0.999229 -0.019297 -1.506149 -0.998711 0.034882 0.036866 88.534594
0.034427 0.017891 0.999247 8.822204 0.035601 0.999183 -0.019116 -1.523201 -0.998773 0.036232 0.033762 88.554009
0.031392 0.017391 0.999356 9.460607 0.035934 0.999183 -0.018517 -1.542323 -0.998861 0.036492 0.030741 88.575582
0.029148 0.017044 0.999430 10.115730 0.038253 0.999103 -0.018154 -1.556744 -0.998843 0.038761 0.028470 88.586474
0.028358 0.016510 0.999461 10.793968 0.041543 0.998980 -0.017680 -1.579869 -0.998734 0.042022 0.027643 88.599910
0.029281 0.016015 0.999443 11.484260 0.045640 0.998807 -0.017342 -1.597968 -0.998529 0.046122 0.028515 88.616170
0.031752 0.015903 0.999369 12.185823 0.047176 0.998735 -0.017392 -1.618561 -0.998382 0.047698 0.030962 88.637233
0.035420 0.015849 0.999247 12.906729 0.049157 0.998636 -0.017582 -1.637155 -0.998163 0.049743 0.034592 88.662698
0.039543 0.015354 0.999100 13.657626 0.049683 0.998615 -0.017313 -1.658537 -0.997982 0.050323 0.038725 88.695470
0.043677 0.013717 0.998951 14.425000 0.051788 0.998530 -0.015976 -1.675929 -0.997703 0.052431 0.042902 88.730403
0.047827 0.012052 0.998783 15.193624 0.051598 0.998562 -0.014520 -1.698009 -0.997522 0.052230 0.047137 88.768936
0.051874 0.010300 0.998600 15.987205 0.050668 0.998632 -0.012932 -1.710759 -0.997368 0.051268 0.051281 88.815951
0.056023 0.008988 0.998389 16.781493 0.050166 0.998671 -0.011806 -1.730712 -0.997169 0.050747 0.055498 88.865715
0.060160 0.009719 0.998141 17.598958 0.047457 0.998794 -0.012586 -1.752891 -0.997060 0.048125 0.059626 88.920077
0.063163 0.013514 0.997912 18.405473 0.045485 0.998830 -0.016405 -1.779268 -0.996966 0.046426 0.062474 88.981539
0.064671 0.019089 0.997724 19.213186 0.038201 0.999037 -0.021590 -1.804731 -0.997175 0.039510 0.063879 89.050177
0.064582 0.022206 0.997665 20.042502 0.035760 0.999059 -0.024551 -1.834525 -0.997272 0.037262 0.063727 89.107965
0.064637 0.021739 0.997672 20.869833 0.034195 0.999127 -0.023986 -1.861448 -0.997323 0.035665 0.063837 89.163264
0.064689 0.019699 0.997711 21.682959 0.033020 0.999215 -0.021870 -1.897367 -0.997359 0.034360 0.063988 89.220564
0.064667 0.018563 0.997734 22.517536 0.032798 0.999247 -0.020716 -1.928396 -0.997368 0.034063 0.064010 89.283495
0.064865 0.017810 0.997735 23.338139 0.031592 0.999303 -0.019892 -1.959460 -0.997394 0.032811 0.064257 89.345349
0.065145 0.018046 0.997712 24.169349 0.028359 0.999399 -0.019928 -1.994117 -0.997473 0.029592 0.064594 89.399136
0.065172 0.018754 0.997698 24.978975 0.026614 0.999435 -0.020525 -2.026913 -0.997519 0.027890 0.064636 89.464655
0.064082 0.019751 0.997749 25.792308 0.022922 0.999511 -0.021258 -2.060819 -0.997682 0.024233 0.063598 89.522200
0.061149 0.019523 0.997938 26.613147 0.020316 0.999577 -0.020800 -2.089726 -0.997922 0.021546 0.060726 89.577795
0.057310 0.018121 0.998192 27.430416 0.017803 0.999658 -0.019170 -2.121225 -0.998198 0.018869 0.056968 89.626117
0.052433 0.015740 0.998500 28.235060 0.016015 0.999734 -0.016601 -2.151886 -0.998496 0.016861 0.052167 89.682509
0.046430 0.013940 0.998824 29.049767 0.014679 0.999785 -0.014636 -2.179815 -0.998814 0.015341 0.046215 89.726191
0.038619 0.013866 0.999158 29.861384 0.013634 0.999803 -0.014402 -2.212949 -0.999161 0.014179 0.038423 89.768990
0.029878 0.014766 0.999444 30.664303 0.013010 0.999800 -0.015161 -2.238567 -0.999469 0.013456 0.029680 89.797461
0.020127 0.015150 0.999682 31.472830 0.012161 0.999808 -0.015397 -2.267585 -0.999724 0.012467 0.019939 89.808554
0.009738 0.014475 0.999848 32.261553 0.012952 0.999810 -0.014600 -2.289715 -0.999869 0.013092 0.009548 89.812413
-0.000893 0.013646 0.999906 33.073472 0.013060 0.999822 -0.013633 -2.315239 -0.999915 0.013046 -0.001071 89.807174
-0.012182 0.012508 0.999847 33.864421 0.014130 0.999824 -0.012336 -2.341437 -0.999826 0.013977 -0.012357 89.807098
-0.023493 0.012688 0.999643 34.649948 0.013766 0.999829 -0.012367 -2.368431 -0.999629 0.013470 -0.023663 89.787390
-0.034256 0.013124 0.999327 35.437224 0.013444 0.999829 -0.012670 -2.390849 -0.999323 0.013000 -0.034427 89.753158
-0.045001 0.014174 0.998886 36.211333 0.013341 0.999819 -0.013587 -2.419104 -0.998898 0.012715 -0.045182 89.727222
-0.055344 0.015169 0.998352 36.980486 0.013954 0.999799 -0.014418 -2.444493 -0.998370 0.013133 -0.055545 89.680100
-0.065038 0.015794 0.997758 37.741334 0.014266 0.999787 -0.014896 -2.469452 -0.997781 0.013265 -0.065250 89.627539
-0.074541 0.016338 0.997084 38.491995 0.014297 0.999781 -0.015313 -2.494970 -0.997116 0.013114 -0.074758 89.573658
-0.083782 0.016386 0.996349 39.241730 0.015370 0.999767 -0.015149 -2.520485 -0.996366 0.014044 -0.084014 89.504526
-0.092631 0.015944 0.995573 39.991425 0.016652 0.999757 -0.014462 -2.547596 -0.995561 0.015238 -0.092874 89.430861
-0.099757 0.014953 0.994899 40.718880 0.018640 0.999740 -0.013157 -2.572525 -0.994837 0.017233 -0.100009 89.353094
-0.105227 0.013297 0.994359 41.434897 0.021920 0.999699 -0.011048 -2.596614 -0.994207 0.020634 -0.105487 89.273117
-0.109072 0.011558 0.993967 42.160380 0.024680 0.999656 -0.008916 -2.621299 -0.993728 0.023558 -0.109319 89.189593
-0.111751 0.010332 0.993682 42.857238 0.026113 0.999631 -0.007457 -2.643019 -0.993393 0.025114 -0.111980 89.110705
-0.113683 0.009703 0.993470 43.547431 0.027901 0.999589 -0.006570 -2.662316 -0.993125 0.026972 -0.113907 89.035830
-0.114476 0.010085 0.993375 44.238107 0.027301 0.999603 -0.007002 -2.681707 -0.993051 0.026319 -0.114706 88.955850
-0.114024 0.010970 0.993417 44.895226 0.027848 0.999581 -0.007842 -2.703060 -0.993088 0.026771 -0.114282 88.882787
-0.110996 0.012280 0.993745 45.539776 0.028062 0.999564 -0.009218 -2.727937 -0.993425 0.026864 -0.111292 88.808562
-0.105516 0.013299 0.994328 46.154826 0.029397 0.999515 -0.010249 -2.742019 -0.993983 0.028149 -0.105856 88.745627
-0.097545 0.013918 0.995134 46.748456 0.028520 0.999531 -0.011183 -2.762436 -0.994823 0.027291 -0.097896 88.694945
-0.086571 0.014382 0.996142 47.351027 0.027981 0.999536 -0.011999 -2.780207 -0.995853 0.026834 -0.086933 88.650754
-0.073062 0.014767 0.997218 47.925975 0.028374 0.999516 -0.012722 -2.803878 -0.996924 0.027365 -0.073446 88.619177
-0.056287 0.015994 0.998286 48.457923 0.027392 0.999520 -0.014469 -2.821408 -0.998039 0.026531 -0.056698 88.602018
-0.034830 0.018190 0.999228 48.990562 0.025429 0.999527 -0.017309 -2.847014 -0.999070 0.024806 -0.035276 88.603000
-0.010480 0.020926 0.999726 49.517862 0.022254 0.999538 -0.020689 -2.870478 -0.999698 0.022031 -0.010940 88.617323
0.017609 0.022659 0.999588 50.030115 0.020844 0.999518 -0.023025 -2.889108 -0.999628 0.021241 0.017129 88.648202
0.050602 0.022416 0.998467 50.561350 0.018925 0.999547 -0.023400 -2.911919 -0.998540 0.020080 0.050155 88.701169
0.088278 0.020310 0.995889 51.087284 0.018211 0.999592 -0.022000 -2.929389 -0.995930 0.020078 0.087872 88.772458
0.130068 0.016681 0.991364 51.578526 0.016837 0.999677 -0.019030 -2.953209 -0.991362 0.019167 0.129746 88.862188
0.174609 0.012050 0.984564 52.089304 0.013247 0.999806 -0.014586 -2.972460 -0.984549 0.015589 0.174416 88.992386
0.222453 0.008477 0.974906 52.586903 0.008902 0.999903 -0.010725 -2.993371 -0.974903 0.011065 0.222356 89.146937
0.273792 0.007079 0.961763 53.048678 0.005898 0.999942 -0.009039 -3.010650 -0.961771 0.008148 0.273734 89.303808
0.327304 0.007031 0.944893 53.508441 0.004400 0.999950 -0.008965 -3.018021 -0.944909 0.007092 0.327257 89.532982
0.384605 0.007209 0.923053 53.944696 0.006446 0.999924 -0.010495 -3.043905 -0.923059 0.009987 0.384529 89.759659
0.445024 0.010623 0.895456 54.354350 0.007224 0.999855 -0.015451 -3.055877 -0.895490 0.013345 0.444882 89.970084
0.503724 0.014299 0.863746 54.749110 0.008559 0.999731 -0.021541 -3.076934 -0.863822 0.018243 0.503466 90.274049
0.562110 0.018705 0.826851 55.104046 0.004765 0.999654 -0.025854 -3.087770 -0.827049 0.018473 0.561827 90.547950
0.617192 0.021955 0.786506 55.453234 0.000571 0.999598 -0.028351 -3.100934 -0.786812 0.017947 0.616932 90.911796
0.670060 0.023033 0.741950 55.760921 -0.001043 0.999547 -0.030088 -3.118605 -0.742307 0.019387 0.669780 91.255743
0.719579 0.021623 0.694074 56.048031 -0.001576 0.999563 -0.029507 -3.134739 -0.694409 0.020138 0.719298 91.586105
0.764639 0.017640 0.644217 56.330951 -0.002912 0.999710 -0.023918 -3.162626 -0.644452 0.016413 0.764469 92.011430
0.806463 0.013150 0.591138 56.568280 -0.003623 0.999844 -0.017300 -3.171068 -0.591274 0.011810 0.806385 92.411990
0.843536 0.010232 0.536974 56.767528 -0.005473 0.999930 -0.010457 -3.190412 -0.537044 0.005882 0.843534 92.800307
0.875027 0.007976 0.484008 56.955217 -0.006991 0.999968 -0.003840 -3.194968 -0.484023 -0.000023 0.875055 93.259070
0.901086 0.007449 0.433577 57.118200 -0.009268 0.999955 0.002081 -3.210389 -0.433542 -0.005894 0.901114 93.698209
0.921968 0.009639 0.387145 57.265248 -0.012939 0.999899 0.005918 -3.226614 -0.387049 -0.010466 0.922000 94.112255
0.937691 0.014988 0.347147 57.395846 -0.018903 0.999790 0.007893 -3.222163 -0.346956 -0.013963 0.937778 94.602692
0.950003 0.020150 0.311588 57.514418 -0.023613 0.999694 0.007344 -3.230420 -0.311345 -0.014335 0.950189 95.057425
0.959548 0.023142 0.280592 57.620455 -0.025937 0.999644 0.006250 -3.212208 -0.280348 -0.013274 0.959807 95.517619
0.965942 0.017729 0.258149 57.746102 -0.020355 0.999765 0.007503 -3.236782 -0.257956 -0.012502 0.966076 95.998491
0.970077 0.014343 0.242371 57.856845 -0.016810 0.999826 0.008112 -3.241032 -0.242213 -0.011944 0.970150 96.481963
0.973117 0.018301 0.229582 57.969017 -0.020571 0.999760 0.007497 -3.243149 -0.229390 -0.012018 0.973260 96.997400
0.975161 0.024204 0.220171 58.049879 -0.026498 0.999621 0.007476 -3.232810 -0.219906 -0.013124 0.975433 97.509150
0.976343 0.030615 0.214051 58.139374 -0.032753 0.999443 0.006446 -3.237712 -0.213734 -0.013304 0.976801 98.024147
0.976702 0.037639 0.211275 58.238606 -0.039129 0.999230 0.002876 -3.238593 -0.211005 -0.011076 0.977422 98.558908
0.976802 0.039143 0.210537 58.344953 -0.040111 0.999195 0.000328 -3.248694 -0.210355 -0.008765 0.977586 99.089861
0.976433 0.036640 0.212689 58.468679 -0.036792 0.999318 -0.003246 -3.256722 -0.212663 -0.004656 0.977115 99.628119
0.975546 0.036246 0.216785 58.588291 -0.035049 0.999342 -0.009366 -3.269367 -0.216982 0.001538 0.976174 100.162046
0.974580 0.038612 0.220686 58.724068 -0.036459 0.999240 -0.013821 -3.279749 -0.221052 0.005423 0.975247 100.728982
0.973360 0.042292 0.225346 58.843861 -0.040180 0.999095 -0.013956 -3.285227 -0.225732 0.004530 0.974179 101.303610
0.972041 0.043730 0.230702 58.981968 -0.042494 0.999043 -0.010330 -3.294204 -0.230933 0.000238 0.972970 101.911204
0.971010 0.041650 0.235383 59.131293 -0.041520 0.999122 -0.005508 -3.309341 -0.235406 -0.004425 0.971887 102.513369
0.970182 0.036820 0.239566 59.280645 -0.037912 0.999281 -0.000053 -3.318877 -0.239396 -0.009031 0.970880 103.118279
0.969391 0.033666 0.243204 59.439746 -0.035896 0.999344 0.004741 -3.324423 -0.242885 -0.013326 0.969964 103.741627
0.968842 0.028664 0.246014 59.609246 -0.031011 0.999503 0.005669 -3.335389 -0.245729 -0.013122 0.969250 104.385396
0.968608 0.026751 0.247149 59.760306 -0.028284 0.999596 0.002654 -3.338971 -0.246978 -0.009561 0.968974 105.016948
0.968837 0.024615 0.246475 59.932427 -0.024336 0.999695 -0.004176 -3.358129 -0.246503 -0.001952 0.969140 105.659943
0.968804 0.031078 0.245872 60.092804 -0.029302 0.999511 -0.010878 -3.362724 -0.246090 0.003334 0.969241 106.322241
0.969346 0.033571 0.243394 60.247648 -0.030948 0.999414 -0.014594 -3.380790 -0.243742 0.006614 0.969818 107.008927
0.970050 0.031160 0.240897 60.417705 -0.029517 0.999510 -0.010426 -3.387220 -0.241104 0.003003 0.970495 107.700365
0.970571 0.026310 0.239373 60.593191 -0.026327 0.999648 -0.003124 -3.400856 -0.239371 -0.003270 0.970923 108.401853
0.971230 0.023209 0.237010 60.757251 -0.024521 0.999696 0.002586 -3.406997 -0.236878 -0.008323 0.971504 109.139206
0.971604 0.026848 0.235085 60.926807 -0.028200 0.999599 0.002392 -3.422817 -0.234927 -0.008953 0.971972 109.862520
0.971798 0.034210 0.233320 61.084181 -0.034566 0.999399 -0.002565 -3.424974 -0.233268 -0.005573 0.972397 110.587143
0.972710 0.035510 0.229289 61.262997 -0.034753 0.999369 -0.007338 -3.444396 -0.229405 -0.000830 0.973331 111.338817
0.973578 0.036311 0.225451 61.428934 -0.034963 0.999339 -0.009973 -3.457436 -0.225664 0.001827 0.974203 112.092225
0.974550 0.032291 0.221832 61.597026 -0.031095 0.999477 -0.008885 -3.467835 -0.222003 0.001761 0.975044 112.855071
0.975452 0.029600 0.218212 61.772704 -0.028876 0.999562 -0.006507 -3.488346 -0.218309 0.000047 0.975880 113.650802
0.976024 0.025501 0.216165 61.953066 -0.025212 0.999674 -0.004096 -3.501129 -0.216199 -0.001452 0.976348 114.453018
0.976388 0.022295 0.214871 62.128692 -0.022417 0.999747 -0.001870 -3.508028 -0.214859 -0.002990 0.976641 115.223090
0.976579 0.018653 0.214347 62.316986 -0.019057 0.999818 -0.000181 -3.527173 -0.214312 -0.003908 0.976757 116.053155
0.976710 0.017658 0.213834 62.481614 -0.018298 0.999832 0.001016 -3.532168 -0.213780 -0.004905 0.976869 116.863952
0.976581 0.022646 0.213954 62.658411 -0.023054 0.999734 -0.000592 -3.547545 -0.213911 -0.004355 0.976844 117.683569
0.976261 0.028999 0.214646 62.825100 -0.028870 0.999576 -0.003736 -3.560620 -0.214663 -0.002550 0.976685 118.500842
0.975735 0.037492 0.215720 62.981242 -0.037222 0.999293 -0.005316 -3.574532 -0.215767 -0.002842 0.976441 119.322255
0.974937 0.042877 0.218309 63.160093 -0.042925 0.999068 -0.004529 -3.591974 -0.218300 -0.004956 0.975869 120.165887
0.974242 0.042385 0.221486 63.335508 -0.042803 0.999079 -0.002915 -3.601857 -0.221406 -0.006640 0.975159 121.011382
0.973489 0.045159 0.224230 63.513123 -0.045449 0.998959 -0.003870 -3.616551 -0.224172 -0.006424 0.974529 121.840685
0.973068 0.045245 0.226036 63.699303 -0.045088 0.998966 -0.005860 -3.639659 -0.226067 -0.004489 0.974101 122.679535
0.973005 0.038619 0.227528 63.902381 -0.038320 0.999249 -0.005732 -3.653959 -0.227579 -0.003141 0.973755 123.519782
0.973195 0.033337 0.227554 64.107936 -0.032818 0.999443 -0.006065 -3.680168 -0.227629 -0.001566 0.973747 124.350619
0.972979 0.031312 0.228761 64.306812 -0.030717 0.999509 -0.006159 -3.707688 -0.228842 -0.001034 0.973463 125.193872
0.972521 0.033813 0.230347 64.502124 -0.033998 0.999417 -0.003167 -3.721042 -0.230320 -0.004751 0.973103 126.030109
0.972144 0.035520 0.231677 64.692350 -0.037029 0.999312 0.002169 -3.731389 -0.231441 -0.010687 0.972790 126.882875
0.971881 0.036230 0.232667 64.883153 -0.038469 0.999247 0.005090 -3.723073 -0.232308 -0.013898 0.972543 127.715666
0.971544 0.037365 0.233894 65.081324 -0.038295 0.999266 -0.000566 -3.749388 -0.233744 -0.008407 0.972262 128.531046
0.971674 0.035254 0.233682 65.275248 -0.032922 0.999362 -0.013871 -3.781760 -0.234022 0.005785 0.972214 129.343425
0.971853 0.034480 0.233052 65.468325 -0.030354 0.999313 -0.021271 -3.834881 -0.233626 0.013599 0.972232 130.157205
0.972048 0.032300 0.232548 65.669012 -0.029919 0.999458 -0.013763 -3.838660 -0.232867 0.006421 0.972487 130.983546
0.972572 0.022384 0.231522 65.870196 -0.023766 0.999712 0.003184 -3.820632 -0.231384 -0.008599 0.972824 131.833074
0.973096 0.013847 0.229983 66.078691 -0.018476 0.999667 0.017988 -3.835658 -0.229657 -0.021753 0.973028 132.680074
0.973137 0.020394 0.229323 66.252185 -0.024591 0.999578 0.015460 -3.858848 -0.228911 -0.020684 0.973228 133.487995
0.973063 0.033195 0.228137 66.420626 -0.034358 0.999409 0.001125 -3.891841 -0.227965 -0.008933 0.973628 134.290505
0.973294 0.035836 0.226747 66.600944 -0.035132 0.999357 -0.007143 -3.883848 -0.226857 -0.001013 0.973927 135.087145
0.973914 0.030438 0.224868 66.787771 -0.029299 0.999535 -0.008403 -3.906484 -0.225019 0.001595 0.974353 135.895972
0.974689 0.027219 0.221903 66.968500 -0.026298 0.999629 -0.007103 -3.934258 -0.222014 0.001088 0.975043 136.716273
0.975410 0.028777 0.218510 67.142434 -0.027763 0.999585 -0.007710 -3.956111 -0.218641 0.001454 0.975804 137.515144
0.976434 0.031266 0.213540 67.309221 -0.029989 0.999508 -0.009219 -3.972313 -0.213723 0.002598 0.976891 138.317619
0.977020 0.033192 0.210545 67.479339 -0.031866 0.999445 -0.009689 -3.999265 -0.210750 0.002757 0.977536 139.120677
0.977151 0.041787 0.208398 67.628829 -0.040704 0.999126 -0.009486 -4.011416 -0.208613 0.000786 0.977998 139.935360
0.977399 0.043009 0.206983 67.785582 -0.042431 0.999073 -0.007232 -4.038062 -0.207103 -0.001714 0.978318 140.737404
0.977802 0.039023 0.205867 67.951829 -0.039140 0.999228 -0.003507 -4.053576 -0.205845 -0.004628 0.978574 141.536355
0.978164 0.038155 0.204304 68.112679 -0.038336 0.999260 -0.003073 -4.074084 -0.204270 -0.004826 0.978903 142.330509
0.978683 0.037698 0.201889 68.275366 -0.037315 0.999287 -0.005700 -4.095207 -0.201960 -0.001955 0.979392 143.124798
0.979835 0.032512 0.197147 68.430848 -0.031333 0.999468 -0.009098 -4.118859 -0.197338 0.002737 0.980332 143.893603
0.981083 0.032495 0.190839 68.581336 -0.031157 0.999464 -0.010008 -4.136049 -0.191062 0.003872 0.981570 144.698232
0.982433 0.029387 0.184288 68.726927 -0.028879 0.999568 -0.005439 -4.150549 -0.184369 0.000021 0.982857 145.492927
0.983686 0.024198 0.178259 68.865000 -0.025250 0.999675 0.003636 -4.168354 -0.178113 -0.008078 0.983977 146.273725
0.984413 0.022658 0.174405 69.009628 -0.025322 0.999594 0.013064 -4.179808 -0.174039 -0.017276 0.984587 147.086789
0.985077 0.024451 0.170370 69.131653 -0.027588 0.999490 0.016068 -4.178979 -0.169890 -0.020528 0.985249 147.861783
0.985678 0.029713 0.165997 69.252054 -0.031914 0.999434 0.010607 -4.181208 -0.165588 -0.015753 0.986069 148.677772
0.986808 0.031627 0.158777 69.361663 -0.032172 0.999482 0.000860 -4.196129 -0.158668 -0.005957 0.987314 149.463916
0.987867 0.032197 0.151928 69.489835 -0.031820 0.999482 -0.004913 -4.202424 -0.152008 0.000019 0.988379 150.232757
0.988891 0.030208 0.145542 69.603429 -0.030007 0.999543 -0.003580 -4.218149 -0.145583 -0.000827 0.989346 151.053778
0.989890 0.033409 0.137849 69.703646 -0.033717 0.999431 -0.000098 -4.227800 -0.137774 -0.004551 0.990453 151.863864
0.990770 0.038272 0.130035 69.792544 -0.038433 0.999260 -0.001268 -4.244203 -0.129987 -0.003741 0.991509 152.669879
0.991813 0.043584 0.120029 69.870880 -0.043050 0.999048 -0.007043 -4.258404 -0.120222 0.001818 0.992745 153.492919
0.992841 0.043095 0.111395 69.958244 -0.042316 0.999061 -0.009349 -4.280514 -0.111693 0.004568 0.993732 154.306563
0.993748 0.042780 0.103130 70.036460 -0.042322 0.999082 -0.006620 -4.295839 -0.103318 0.002214 0.994646 155.129036
0.994438 0.044428 0.095496 70.107251 -0.044686 0.999001 0.000567 -4.305075 -0.095375 -0.004831 0.995430 155.964945
0.995084 0.046068 0.087667 70.164432 -0.046853 0.998878 0.006919 -4.316956 -0.087250 -0.010992 0.996126 156.787031
0.995737 0.046087 0.079894 70.221980 -0.047054 0.998840 0.010263 -4.326535 -0.079328 -0.013979 0.996751 157.624415
0.996223 0.046249 0.073495 70.271242 -0.047265 0.998809 0.012143 -4.332169 -0.072846 -0.015571 0.997222 158.465636
0.996552 0.046115 0.068970 70.325980 -0.046965 0.998839 0.010758 -4.336911 -0.068394 -0.013960 0.997561 159.308440
0.996572 0.051633 0.064640 70.359011 -0.052071 0.998630 0.005104 -4.349743 -0.064288 -0.008452 0.997896 160.141365
0.996491 0.057576 0.060751 70.393242 -0.057630 0.998338 -0.000875 -4.360329 -0.060701 -0.002629 0.998153 160.942067
0.996429 0.061065 0.058309 70.430045 -0.060946 0.998134 -0.003821 -4.374758 -0.058433 0.000254 0.998291 161.745191
0.996613 0.061197 0.054939 70.460509 -0.061413 0.998110 0.002256 -4.384691 -0.054697 -0.005622 0.998487 162.581878
0.996615 0.062801 0.053061 70.501699 -0.063546 0.997901 0.012481 -4.382574 -0.052166 -0.015810 0.998513 163.424696
0.996774 0.062787 0.049999 70.531331 -0.063863 0.997754 0.020229 -4.385184 -0.048616 -0.023357 0.998544 164.270634
0.997284 0.058492 0.044754 70.563175 -0.059312 0.998091 0.017235 -4.383579 -0.043661 -0.019842 0.998849 165.073979
0.997886 0.051658 0.039434 70.604046 -0.052014 0.998614 0.008049 -4.412409 -0.038964 -0.010083 0.999190 165.883814
0.998129 0.051825 0.032456 70.623865 -0.051939 0.998647 0.002648 -4.408289 -0.032275 -0.004329 0.999470 166.710098
0.998121 0.055801 0.025295 70.637622 -0.055923 0.998427 0.004137 -4.408659 -0.025024 -0.005544 0.999671 167.549873
0.998599 0.049803 0.017864 70.644187 -0.049993 0.998696 0.010378 -4.411676 -0.017324 -0.011257 0.999787 168.350175
0.999037 0.042608 0.010455 70.661715 -0.042759 0.998977 0.014710 -4.425608 -0.009818 -0.015143 0.999837 169.190567
0.999285 0.037548 0.004315 70.665725 -0.037622 0.999124 0.018336 -4.414432 -0.003622 -0.018485 0.999823 170.038123
0.999588 0.028651 -0.001555 70.664133 -0.028617 0.999414 0.018787 -4.420641 0.002092 -0.018735 0.999822 170.880387
0.999678 0.024058 -0.008129 70.658414 -0.023957 0.999638 0.012262 -4.431791 0.008421 -0.012064 0.999892 171.721937
0.999680 0.019929 -0.015611 70.646694 -0.019896 0.999800 0.002259 -4.434229 0.015653 -0.001948 0.999876 172.555876
0.999575 0.018638 -0.022402 70.644083 -0.018680 0.999824 -0.001646 -4.446003 0.022367 0.002064 0.999748 173.378557
0.999443 0.016123 -0.029206 70.613990 -0.015960 0.999856 0.005798 -4.454727 0.029295 -0.005329 0.999557 174.240240
0.999211 0.020454 -0.034038 70.562894 -0.019827 0.999629 0.018672 -4.444849 0.034407 -0.017983 0.999246 175.095986
0.999000 0.022693 -0.038516 70.516520 -0.021686 0.999417 0.026360 -4.445304 0.039091 -0.025498 0.998910 175.942537
0.998856 0.022597 -0.042145 70.468576 -0.021606 0.999483 0.023810 -4.443716 0.042661 -0.022872 0.998828 176.784121
0.998609 0.028510 -0.044343 70.423773 -0.027928 0.999516 0.013676 -4.453462 0.044711 -0.012419 0.998923 177.629223
0.998129 0.038909 -0.047176 70.359689 -0.038759 0.999240 0.004086 -4.447776 0.047299 -0.002250 0.998878 178.458009
0.998035 0.038855 -0.049165 70.310228 -0.038860 0.999244 0.000855 -4.458641 0.049161 0.001057 0.998790 179.308844
0.998167 0.032120 -0.051293 70.269216 -0.031877 0.999476 0.005555 -4.468791 0.051445 -0.003910 0.998668 180.139827
0.998285 0.028143 -0.051335 70.230312 -0.027475 0.999529 0.013666 -4.465283 0.051695 -0.012232 0.998588 180.985835
0.998281 0.027793 -0.051593 70.182266 -0.026819 0.999451 0.019474 -4.462818 0.052106 -0.018057 0.998478 181.864949
0.998185 0.028191 -0.053220 70.127440 -0.027213 0.999449 0.018998 -4.468943 0.053727 -0.017516 0.998402 182.730064
0.998131 0.026178 -0.055214 70.072497 -0.025637 0.999616 0.010471 -4.475668 0.055467 -0.009035 0.998420 183.558282
0.998040 0.025034 -0.057353 70.035344 -0.025128 0.999684 -0.000923 -4.487078 0.057312 0.002363 0.998354 184.405660
0.998117 0.014496 -0.059598 69.995436 -0.014826 0.999877 -0.005089 -4.502346 0.059517 0.005963 0.998210 185.268265
0.998061 0.013859 -0.060677 69.938118 -0.013931 0.999903 -0.000765 -4.514679 0.060661 0.001609 0.998157 186.112415
0.998021 0.012786 -0.061566 69.878971 -0.012257 0.999885 0.008972 -4.515705 0.061673 -0.008200 0.998063 186.975933
0.997958 0.009890 -0.063107 69.815059 -0.009090 0.999875 0.012957 -4.532943 0.063227 -0.012357 0.997923 187.841666
0.997873 0.012965 -0.063884 69.757608 -0.012367 0.999876 0.009752 -4.541786 0.064003 -0.008942 0.997910 188.700461
0.997779 0.018539 -0.063977 69.698587 -0.018301 0.999823 0.004317 -4.557421 0.064045 -0.003136 0.997942 189.536311
0.997600 0.026149 -0.064112 69.629639 -0.025986 0.999657 0.003376 -4.557434 0.064178 -0.001702 0.997937 190.389549
0.997605 0.025035 -0.064479 69.563301 -0.024682 0.999676 0.006269 -4.570715 0.064615 -0.004663 0.997899 191.224507
0.997425 0.030447 -0.064932 69.496880 -0.029880 0.999507 0.009688 -4.578135 0.065195 -0.007723 0.997843 192.054903
0.997292 0.034121 -0.065142 69.439904 -0.033383 0.999366 0.012391 -4.585310 0.065523 -0.010183 0.997799 192.877309
0.997200 0.035687 -0.065722 69.374514 -0.034948 0.999313 0.012373 -4.587270 0.066118 -0.010041 0.997761 193.691790
0.997208 0.034301 -0.066332 69.322731 -0.033784 0.999389 0.008909 -4.605097 0.066597 -0.006643 0.997758 194.536954
0.996999 0.038178 -0.067351 69.254439 -0.037994 0.999270 0.004008 -4.617447 0.067455 -0.001437 0.997721 195.317385
0.996777 0.041858 -0.068443 69.185897 -0.041654 0.999122 0.004406 -4.631044 0.068567 -0.001541 0.997645 196.147980
0.996472 0.046451 -0.069901 69.110407 -0.045661 0.998874 0.012848 -4.621552 0.070419 -0.009611 0.997471 196.998169
0.996469 0.043681 -0.071708 69.054746 -0.042205 0.998867 0.021976 -4.625909 0.072587 -0.018872 0.997184 197.796209
0.996872 0.030753 -0.072806 69.012446 -0.029088 0.999293 0.023832 -4.623399 0.073487 -0.021640 0.997061 198.562639
